Time,E1_D,E1_T,E1_V,E2_D,E2_T,E2_V,E3_D,E3_T,E3_V,E4_D,E4_T,E4_V,E5_D,E5_T,E5_V,E6_D,E6_T,E6_V,E7_D,E7_T,E7_V,off_R1_D,off_R1_T,off_R1_V,off_R2_D,off_R2_T,off_R2_V,off_R3_D,off_R3_T,off_R3_V,off_R4_D,off_R4_T,off_R4_V,on_R1_D,on_R1_T,on_R1_V,on_R2_D,on_R2_T,on_R2_V,on_R3_D,on_R3_T,on_R3_V,on_R4_D,on_R4_T,on_R4_V,on_R5_D,on_R5_T,on_R5_V,on_R6_D,on_R6_T,on_R6_V
10000,0.0,0.0,0.0,0.0,0.0,0.0,0.7573704567716734,1.693333333333329,0.4472660177785484,0.45835617704346,0.8600000000000013,0.5329722988877433,0.4656923203433195,0.810000000000001,0.5749287905473073,0.7564400569800663,1.8299999999999943,0.4133552223934801,0.1202905837139962,1.0700000000000018,0.1124211062747626,0.0422737063884252,0.12,0.3522808865702105,0.0348069739517081,0.2766666666666664,0.1258083395844872,0.1804907726495402,0.6966666666666673,0.2590776640902489,0.0112764254412319,0.0633333333333333,0.1780488227562938,0.0,0.0,0.0,0.0,0.0,0.0,0.0,0.0,0.0,0.0008936939070661,0.333333333333333,0.0026810817211984,0.0,0.0,0.0,0.0,0.0,0.0
20000,0.00605186030566285,0.00666666666666665,0.4538895229247146,0.004904048936909,0.005,0.4904048936909008,0.7407515570998318,1.5433333333333303,0.4834892256696537,0.6193297927314361,1.0950000000000004,0.5598332954662071,0.507280652066657,0.8716666666666681,0.5815013508754359,0.7292824582107479,1.6566666666666627,0.44334891213205363,0.383888448242257,1.4383333333333315,0.2354041821329126,0.04465953810222855,0.11499999999999999,0.3899830333579779,0.108199528019865,0.4166666666666664,0.2260108303503472,0.13522533137815224,0.765000000000001,0.1835147661091829,0.00563821272061595,0.03166666666666665,0.0890244113781469,0.0033074612076887,0.0283333333333333,0.0583669624886245,0.0,0.0,0.0,0.0,0.0,0.0,0.0039773137492555,0.333333333333333,0.01193194124776665,0.0,0.0,0.0,0.0,0.0,0.0
30000,0.0751910501521706,0.0988888888888888,0.5537335209833623,0.10938538980617046,0.12222222222222211,0.6244581579852364,0.6026846924620616,1.2233333333333314,0.5089267008387336,0.6882164986246176,1.2099999999999997,0.5644235651281616,0.6362021198057658,1.11,0.5754921586965059,0.6980116217014561,1.5133333333333308,0.4682479926938887,0.48840983853331793,1.5288888888888863,0.29289179766276857,0.0297730254014857,0.07666666666666666,0.2599886889053186,0.13755411959184102,0.5,0.24880553826812793,0.11144944964128334,0.7955555555555568,0.14720609031178164,0.0078560374678937,0.029999999999999968,0.2129956946160468,0.020140801770179267,0.463333333333333,0.05236317904953977,0.0,0.0,0.0,0.0,0.0,0.0,0.024906324278409765,0.3799999999999996,0.054971772101833905,0.0,0.0,0.0,0.0,0.0,0.0
40000,0.05878179393887535,0.11416666666666658,0.43022830526719297,0.14178443782670122,0.16333333333333316,0.6767577887403463,0.5209206640685606,0.996666666666665,0.599296535277517,0.581224763550971,1.0341666666666662,0.5517302848642289,0.7127476954074956,1.2258333333333327,0.5813624064502428,0.7377334278372576,1.4508333333333314,0.5207570063102573,0.4990332564737989,1.424166666666665,0.3392417109261848,0.043798612293410324,0.11166666666666662,0.29407848548958626,0.10482783441759087,0.535,0.18920141108189306,0.1252950362590238,0.7858333333333345,0.1655252052158555,0.011399464276209925,0.0358333333333333,0.26301119924871647,0.06297767184347708,0.5825000000000002,0.09020011887847668,0.0,0.0,0.0,0.0,0.0,0.0,0.06033052407680235,0.44499999999999973,0.10630817418261763,0.0,0.0,0.0,0.0,0.0,0.0
50000,0.04711042385870312,0.12466666666666656,0.34469257645937146,0.13241886427716842,0.2133333333333331,0.5873529584498758,0.44557064910443084,0.8406666666666653,0.612517772143163,0.4782999361245124,0.8879999999999997,0.48529672882677505,0.6312460047459924,1.1106666666666662,0.5590096919601879,0.7961696150820661,1.4706666666666646,0.5494977810561158,0.48937021024876604,1.3419999999999992,0.36035087374396757,0.08786637056432166,0.21199999999999997,0.3213945504507887,0.10801321477925083,0.5773333333333335,0.1837061474974494,0.16947884404509975,0.7593333333333343,0.2384040647408691,0.01147532153778838,0.03866666666666664,0.2575239617353823,0.06156709843247712,0.5326666666666668,0.10571497797586775,0.0,0.0,0.0,0.0,0.0,0.0,0.0641432089173563,0.51,0.10566834409403489,0.0,0.0,0.0,0.0,0.0,0.0
60000,0.050746398013016634,0.15222222222222212,0.3268566118682028,0.12807835335924575,0.29555555555555546,0.5145494304935204,0.3859782679616961,0.7305555555555544,0.5919281084971011,0.3998001653295888,0.7955555555555552,0.4080645963664647,0.5373768878437633,0.9833333333333328,0.498548767338274,0.7129107072096522,1.3233333333333317,0.5421807743216447,0.5218651056512332,1.4138888888888872,0.36461002473622345,0.08842220828128473,0.21833333333333327,0.3286297232863907,0.12444716513084354,0.5683333333333334,0.21889002213602973,0.18842499835002477,0.7716666666666677,0.2553012079256541,0.009562767948156983,0.0322222222222222,0.2146033014461519,0.05907265387765039,0.5305555555555556,0.10303185058999131,0.004613035687099117,0.013333333333333334,0.057662946088739044,0.0,0.0,0.0,0.10317875102598391,0.5600000000000002,0.14944717184155615,0.008295618740874566,0.029444444444444415,0.04695633249551643,0.0,0.0,0.0
70000,0.11505967885915336,0.2683333333333333,0.41917232600141335,0.1767192165318743,0.44055555555555576,0.5704584686229784,0.2651578775206991,0.4994444444444441,0.5350186168342043,0.32340746915567875,0.7033333333333327,0.31923587988517416,0.48812204927642916,0.9777777777777773,0.43924302948725247,0.5876613245059362,1.0694444444444438,0.47597506375485277,0.5342305915605854,1.542777777777775,0.3634575768703672,0.08137659054988054,0.19833333333333325,0.2699162421913556,0.12473519645298221,0.5988888888888889,0.21115934303301384,0.19263836220850783,0.8305555555555569,0.24478365372020597,0.007683363707951667,0.02166666666666665,0.18492849765343625,0.06667351531632777,0.6694444444444447,0.11215288431640415,0.004613035687099117,0.013333333333333334,0.057662946088739044,0.0,0.0,0.0,0.11615797155420172,0.5300000000000002,0.23461882171016768,0.0214627766557052,0.0666666666666666,0.10591375599475816,0.00488226913112355,0.02055555555555555,0.039585965928028814
80000,0.23753398330375788,0.44555555555555587,0.3835026832637043,0.3004174493370478,0.6355555555555559,0.5132045061363022,0.21188350436255143,0.4055555555555556,0.5296220502927733,0.1956328032229033,0.5372222222222216,0.22828120428910867,0.40820263932468054,0.9511111111111105,0.3561773756256316,0.47064051459903133,0.8777777777777773,0.3970846301097482,0.4380924639290733,1.602777777777775,0.3091615631268398,0.07353569558054189,0.17999999999999994,0.1986353788337314,0.0944698494383119,0.5894444444444444,0.15679045618031262,0.22507459421473655,0.933333333333334,0.25950170812921375,0.015627756361479502,0.044999999999999964,0.24167415946434945,0.09535233012774735,0.8266666666666674,0.12247853203417843,0.004613035687099117,0.013333333333333334,0.057662946088739044,0.0,0.0,0.0,0.11498114928896092,0.4744444444444447,0.2310883549144452,0.03515167706721618,0.1272222222222221,0.14358962868699027,0.014468925829419116,0.05055555555555554,0.09284516980744868
90000,0.2973964940083628,0.5500000000000006,0.3628123743829746,0.4051256240799712,0.8305555555555554,0.4677840219841265,0.2742849285033833,0.4800000000000004,0.5497456437101375,0.12680970785434642,0.4111111111111108,0.23342474904294386,0.3152799954000208,0.8044444444444444,0.34163045531196373,0.38008915165763213,0.7505555555555549,0.3438953206729409,0.33194105758664494,1.678888888888886,0.24584096970341637,0.07353569558054189,0.17999999999999994,0.1986353788337314,0.06530688800197638,0.5599999999999997,0.11496460808744598,0.28190046150219666,1.0150000000000003,0.2971758073561248,0.014921928386290967,0.044999999999999964,0.2152056103947794,0.11523006906257577,0.7838888888888901,0.14254422461409924,0.004613035687099117,0.013333333333333334,0.057662946088739044,0.0,0.0,0.0,0.10411747668489706,0.39611111111111147,0.2866952682295461,0.03651603521657446,0.1322222222222221,0.1890682336655998,0.014468925829419116,0.05055555555555554,0.09284516980744868
100000,0.4286932398114765,0.7555555555555561,0.44823520490199037,0.5023324607184042,1.0005555555555554,0.4337165736684132,0.34893739006650765,0.5900000000000009,0.5281495317488392,0.13693131847588783,0.42833333333333323,0.23551558269734194,0.22803257279277292,0.6527777777777782,0.347052824807927,0.34843146569313105,0.7138888888888886,0.3373899492013837,0.25311933667460745,1.8694444444444411,0.1704136853746678,0.0650850789674679,0.15777777777777774,0.20292074620814712,0.08198602998829822,0.5249999999999996,0.15459892906333772,0.2774936826133477,0.9666666666666667,0.31056840240828526,0.011250304269431202,0.03611111111111108,0.1463626582036585,0.09324709219183115,0.7950000000000012,0.11845836526826813,0.004613035687099117,0.013333333333333334,0.057662946088739044,0.0,0.0,0.0,0.0931507708427286,0.31722222222222257,0.34411192657768747,0.0379089916212677,0.1383333333333332,0.2270579537935975,0.014468925829419116,0.05055555555555554,0.09284516980744868
110000,0.536737813483453,0.9305555555555559,0.5366722319899861,0.6425442048456435,1.1344444444444446,0.5236779128659584,0.4593317497425112,0.7383333333333345,0.5387154560872284,0.16921875527972588,0.4705555555555554,0.2768635227087786,0.22737422282998643,0.6627777777777782,0.33951150325470697,0.2160053814782208,0.5322222222222223,0.31192105570632794,0.293340989841293,2.14722222222222,0.13932023868985943,0.03508866438192169,0.08444444444444439,0.2120663125704414,0.10378337884528614,0.5255555555555552,0.18354226450735145,0.2348175179703517,0.9205555555555555,0.2621410017864622,0.009287179172080834,0.027777777777777745,0.10710015625665094,0.08829651082624763,0.9155555555555571,0.09463181722654936,0.004613035687099117,0.013333333333333334,0.057662946088739044,0.0,0.0,0.0,0.08580669952968528,0.2166666666666668,0.36225660968904894,0.0379089916212677,0.1383333333333332,0.2270579537935975,0.014468925829419116,0.05055555555555554,0.09284516980744868
120000,0.5830912940746781,1.0227777777777785,0.5656458275794152,0.7505136937138097,1.1850000000000003,0.6230435272817617,0.6008729319550539,0.9255555555555567,0.5770734862077179,0.19772791827213962,0.4799999999999998,0.3494335034883245,0.2640765994852495,0.7155555555555563,0.37922765424109434,0.2187913293087119,0.5261111111111111,0.3226041458497888,0.2683049725588751,2.1272222222222203,0.1288457013782861,0.0358816924470288,0.08777777777777773,0.21049968086757395,0.1260984944181796,0.636111111111111,0.1655648011930962,0.19641316970056102,0.8649999999999997,0.22308640789683423,0.009287179172080834,0.027777777777777745,0.10710015625665094,0.09085770708789397,1.023333333333335,0.08854829714121848,0.0,0.0,0.0,0.0,0.0,0.0,0.03608062260149828,0.1094444444444444,0.30086639125918857,0.029613372880393136,0.10888888888888877,0.18010162129808105,0.014468925829419116,0.05055555555555554,0.09284516980744868
130000,0.5352983271122802,1.0483333333333342,0.4927657768388385,0.7375511866268166,1.1144444444444443,0.6470114057619353,0.6883614113536968,0.9922222222222233,0.6908959506585172,0.27633471083976935,0.5327777777777777,0.4755406573401369,0.27785352404944047,0.6811111111111116,0.41663731773904455,0.28157659156068643,0.5800000000000001,0.42088433899904754,0.2739765692347273,1.8916666666666657,0.19983225913835714,0.07488102139189891,0.15388888888888877,0.308817316863045,0.18001345544323336,0.8261111111111105,0.18983002036899588,0.17323196620237347,0.7411111111111102,0.22666551164411408,0.009287179172080834,0.027777777777777745,0.10710015625665094,0.11865203502035976,1.037222222222224,0.11804019727423448,0.0,0.0,0.0,0.0,0.0,0.0,0.022952453088769448,0.1094444444444444,0.21524789443704395,0.018362272938519733,0.07666666666666659,0.18501279689741404,0.009586656698295566,0.029999999999999985,0.05325920387941987
140000,0.41690581280022915,1.0288888888888899,0.38349211704029657,0.6364090891414368,0.9972222222222219,0.5915470388105885,0.6561442228774765,0.933333333333334,0.6835140886304222,0.29345030964154206,0.5349999999999999,0.5246499728678898,0.3410912455793736,0.7105555555555562,0.4804237852174573,0.34130964245439993,0.6177777777777779,0.5275505013092502,0.30905355755167907,1.6199999999999992,0.28170124858414725,0.111259389817555,0.24611111111111095,0.3745613561865198,0.21784193118626138,1.027222222222221,0.21199514287467638,0.13633875682718433,0.5261111111111106,0.25980758951896393,0.0013427865185530001,0.004444444444444429,0.05035449444573775,0.11197915690270104,0.9711111111111125,0.12656015024937065,0.0,0.0,0.0,0.0,0.0,0.0,0.04534152742058067,0.16944444444444431,0.27743976758096406,0.005348107008716598,0.017777777777777764,0.21481037237596826,0.00132127132161215,0.003888888888888883,0.0566259137833779
150000,0.34353190670066475,1.0866666666666676,0.29617199501726005,0.4791431244330547,0.798888888888889,0.4896925496651039,0.5552558084546246,0.8305555555555558,0.6086503093291676,0.22569918663312352,0.5044444444444441,0.4260872774217523,0.29836823456167655,0.7572222222222232,0.4146008296779234,0.3633334930300727,0.6227777777777778,0.5701774589234851,0.33770183034113893,1.3366666666666667,0.3600560816720248,0.12797205045301518,0.2888888888888887,0.43967561840259856,0.26618393575622595,1.1927777777777762,0.23973691377096198,0.0688632751784667,0.32944444444444404,0.20970203383922312,0.0,0.0,0.0,0.10442807707226782,0.930555555555557,0.12532200981186106,0.00227434026251635,0.007222222222222217,0.052484775288839,0.0,0.0,0.0,0.11696249844191013,0.2872222222222222,0.29957032324127014,0.005134370204724697,0.017222222222222198,0.2124800678485982,0.002420362120011517,0.007777777777777766,0.10372980514335095
160000,0.3403435741960237,1.1516666666666666,0.2735264478108462,0.4025250337189335,0.7050000000000004,0.4660983966101023,0.43915121502919413,0.751111111111111,0.49415067742956165,0.1722026496232436,0.4861111111111107,0.33838803642194915,0.2552044099616885,0.8744444444444451,0.3288516676246776,0.25289795681216176,0.5044444444444441,0.4658052457769102,0.34228060642407687,1.0444444444444447,0.3842500713215827,0.1302992736754844,0.29555555555555535,0.4357309375313283,0.2623553041304189,1.3433333333333317,0.20884009300678,0.04626646581941434,0.2811111111111108,0.16410033451430533,0.00415022951448895,0.011111111111111094,0.06225344271733433,0.10995399161532154,0.9416666666666679,0.12985758462122474,0.00227434026251635,0.007222222222222217,0.052484775288839,0.0,0.0,0.0,0.13720538596018605,0.3266666666666666,0.29061049826388136,0.010940885279273014,0.036666666666666646,0.2214434225852194,0.008438580345047185,0.027777777777777766,0.1538816236853149
170000,0.32383632474910723,1.1227777777777783,0.27246781406796283,0.4602283066459926,0.8149999999999991,0.45174213850441874,0.35214362969701063,0.6949999999999998,0.4342624892847668,0.13123593417830484,0.4738888888888884,0.26545495065587205,0.22271212681089314,0.9644444444444451,0.27230457596703467,0.22395020953320263,0.503333333333333,0.4032039589337875,0.22698007524175765,0.68111111111111,0.34129384958881864,0.12602206529449614,0.28611111111111087,0.43837413971323436,0.22061008883330138,1.4405555555555536,0.15307601756762626,0.04294539484386828,0.2583333333333331,0.17297911068913518,0.011271007833134667,0.02944444444444443,0.126987791068659,0.11873755250886935,0.9638888888888899,0.13677532718134672,0.00227434026251635,0.007222222222222217,0.052484775288839,0.0,0.0,0.0,0.13828795766697902,0.3155555555555555,0.32498922893268584,0.01616330949972283,0.051666666666666645,0.27947035836799533,0.014097906954613852,0.044999999999999984,0.20864930055208916
180000,0.3445512380053444,1.1122222222222227,0.30459437585411425,0.49376734353939233,0.8961111111111095,0.43368287597136845,0.37042063389828633,0.7272222222222217,0.4309919567104878,0.13432367687272848,0.5055555555555552,0.24580981577240246,0.21622645883030414,1.0488888888888896,0.23539838319048742,0.1918138036820358,0.5144444444444441,0.34082610653531775,0.13796598666967444,0.4888888888888883,0.28746373946299597,0.11002880441837232,0.24111111111111094,0.37913984017203495,0.1840516563876354,1.5122222222222195,0.11774232897848631,0.059649221364158234,0.2383333333333331,0.22248704155894097,0.011271007833134667,0.02944444444444443,0.126987791068659,0.11913710596624423,0.9916666666666675,0.1359684278337816,0.00227434026251635,0.007222222222222217,0.052484775288839,0.0,0.0,0.0,0.16564944966391823,0.3577777777777776,0.3901356384492078,0.01616330949972283,0.051666666666666645,0.27947035836799533,0.014097906954613852,0.044999999999999984,0.20864930055208916
190000,0.5056271777745655,1.2444444444444438,0.39322945504948875,0.592758042320548,1.0561111111111094,0.44954225429073524,0.3872003486685342,0.8044444444444441,0.3932750007798691,0.1436647152881668,0.5661111111111111,0.20883897710613183,0.23982764007847093,1.09888888888889,0.23703466368097328,0.18680911303385803,0.5299999999999999,0.3208791768367064,0.12909860760278027,0.5438888888888885,0.23733769186155243,0.07401514509865312,0.1822222222222221,0.3497222724492772,0.19337697606031076,1.4677777777777756,0.13223683806705241,0.09143265339330608,0.3144444444444444,0.2424433326424317,0.011271007833134667,0.02944444444444443,0.126987791068659,0.08515437315184221,1.0611111111111113,0.09841483639190862,0.00227434026251635,0.007222222222222217,0.052484775288839,0.0,0.0,0.0,0.2057924024695965,0.4372222222222221,0.4538546111566337,0.016230955959440598,0.0572222222222222,0.24692340820639436,0.014097906954613852,0.044999999999999984,0.20864930055208916
200000,0.605418999048528,1.244444444444444,0.4971792688765328,0.7717693184834694,1.26722222222222,0.5153518046434654,0.4573755977339637,0.9416666666666664,0.4004904317064944,0.16780557547549724,0.6172222222222222,0.21953312015612644,0.26812549287274073,1.1366666666666674,0.2459171080210075,0.2120976079295299,0.5577777777777777,0.3312151417596027,0.1347670123227065,0.5894444444444443,0.21487505077450622,0.06473054145091728,0.14277777777777767,0.36953749031923483,0.18624767182230492,1.3711111111111098,0.13731950092085898,0.11708546165969681,0.4361111111111114,0.21725318403972046,0.013090905101272433,0.034999999999999976,0.18158470911279248,0.06796951702425118,1.2094444444444443,0.06408025629197117,0.00227434026251635,0.007222222222222217,0.052484775288839,0.0,0.0,0.0,0.1991254636774555,0.4883333333333333,0.41524594132221887,0.01555622147773275,0.05555555555555553,0.17944996003560806,0.012776635633001701,0.041111111111111105,0.15202338676871127
210000,0.6456544930271056,1.1527777777777775,0.5677831312101174,0.9318766168173571,1.4477777777777752,0.6269698843754358,0.6249737514543212,1.2055555555555542,0.4538517066527125,0.20126456012581492,0.6355555555555557,0.27399052339904933,0.28748237200605203,1.0672222222222225,0.28977597482645556,0.27571257587864156,0.625555555555556,0.36765770538724557,0.16416946789379783,0.6316666666666667,0.2265038413285685,0.054140254883879434,0.11222222222222215,0.38791014721800643,0.1651425370257054,1.3438888888888878,0.12565931212515472,0.1417155235311137,0.6027777777777782,0.23836466564379208,0.013090905101272433,0.034999999999999976,0.18158470911279248,0.057938360019557676,1.348333333333332,0.045284818337001966,0.0,0.0,0.0,0.0,0.0,0.0,0.1277165902087391,0.4811111111111111,0.3147136238021538,0.014405600132366365,0.0511111111111111,0.1363016595843686,0.011677544834602335,0.03722222222222222,0.1049194954087382
220000,0.5232426566269632,0.9666666666666671,0.5059871098833107,0.9091890016059064,1.405555555555553,0.6226915512130482,0.7931792163540156,1.3888888888888868,0.5528119208638461,0.28990710844452633,0.7211111111111118,0.3614667223977775,0.31391596056099574,0.9600000000000005,0.3436652617019364,0.33407215355551867,0.666666666666667,0.4673548968614185,0.22184446561891627,0.6744444444444447,0.29306502807000295,0.061165430926583365,0.1227777777777777,0.40301690015224195,0.1954719870630499,1.4449999999999983,0.13801923665631538,0.16811615828076276,0.7566666666666674,0.25855608358349585,0.009721194367330516,0.027777777777777762,0.15278207127604557,0.07279886437789172,1.4161111111111095,0.05136852015574465,0.0010018368839629,0.0027777777777777666,0.060110213037774356,0.0,0.0,0.0,0.1123981213718479,0.5716666666666671,0.24581939847805157,0.007206128653124815,0.02555555555555555,0.08934858471974971,0.005659326609566667,0.01722222222222222,0.05476767686677423
230000,0.43163450847890084,0.903888888888889,0.41818377300018406,0.7056427079240241,1.1477777777777762,0.5396909196204264,0.7810471126413101,1.3466666666666642,0.5595236065750785,0.3573401499616651,0.8255555555555566,0.41938952933612356,0.3862391673612862,0.9133333333333341,0.4223179043355246,0.39595038985110725,0.6861111111111117,0.5712724723016649,0.2754121830641397,0.7011111111111116,0.3742084579563146,0.09141166790233092,0.20055555555555546,0.38801540256922623,0.2770748201719952,1.6044444444444423,0.17359791499957256,0.1782339983732034,0.793333333333334,0.25722598727902907,0.006932344255854317,0.0222222222222222,0.14455113432258418,0.09634745661946466,1.3905555555555542,0.07571914115398705,0.0010018368839629,0.0027777777777777666,0.060110213037774356,0.0,0.0,0.0,0.1216536395574262,0.7183333333333342,0.1926686405636389,0.0019837044326749976,0.010555555555555549,0.03132164893697382,0.0,0.0,0.0
240000,0.36088610217164646,0.8977777777777778,0.3279744484200395,0.5654230515004788,1.0027777777777767,0.4636440781858288,0.6174366069894547,1.147777777777776,0.47879796458136265,0.32777594808746396,0.895555555555557,0.36606361680102645,0.3674738277823513,0.8772222222222231,0.4107060988778442,0.4228438585118099,0.6600000000000004,0.6408296225961926,0.3189720267817097,0.728333333333334,0.43987336736422306,0.1387217995819632,0.3444444444444446,0.4428147828931246,0.30794099762569255,1.624999999999998,0.19045176158706892,0.15274189181026246,0.7577777777777784,0.19014149632392138,0.008618364803675733,0.028333333333333294,0.19053351289953235,0.10498451785283187,1.2827777777777765,0.09587432517528816,0.0056215612358843335,0.014999999999999986,0.12310645420033946,0.0,0.0,0.0,0.11899742924607899,0.7394444444444453,0.17271481949637066,0.0019837044326749976,0.010555555555555549,0.03132164893697382,0.0,0.0,0.0
250000,0.3043859337227346,0.8588888888888894,0.3057874542036965,0.475938694485845,0.9438888888888882,0.4108046483063467,0.5238637133933909,1.0627777777777758,0.40945658050913186,0.2417422399711497,0.8977777777777792,0.2788414244822385,0.319038107960048,0.9677777777777784,0.3473870697340751,0.36712946684296455,0.5950000000000002,0.5684799528304962,0.29301532154722393,0.7127777777777785,0.40632059737989357,0.16419250306696992,0.4433333333333335,0.4186105886154232,0.24928408905008137,1.680555555555553,0.14485819528992933,0.10984450397922907,0.6583333333333338,0.13394404501689078,0.008618364803675733,0.028333333333333294,0.19053351289953235,0.10931340008852551,1.1438888888888876,0.10629766034260185,0.0076922770069144004,0.019999999999999987,0.19213031323467514,0.0,0.0,0.0,0.08045099113634334,0.6377777777777786,0.18882158158607754,0.000960370276557731,0.0027777777777777666,0.05762221659346476,0.0014962846910899334,0.004444444444444433,0.05611067591587283
260000,0.338363309313426,0.8894444444444448,0.31781820241339737,0.4356118457693727,0.8466666666666668,0.4346548241026141,0.4939695790920237,0.9916666666666653,0.41482640720351366,0.21341801672821684,0.9150000000000015,0.2323091201318296,0.2285686219240769,0.9372222222222231,0.2724810660300488,0.2821079210535792,0.5161111111111112,0.45147782559739724,0.2405087373413319,0.6644444444444447,0.3415080274480131,0.15302751939622322,0.4416666666666669,0.3849930089453828,0.2264776272031648,1.706111111111108,0.12377658935083725,0.08802091648214583,0.5466666666666669,0.15858007612412406,0.009237879339215783,0.028333333333333294,0.20911894896573355,0.11349746428168832,0.9788888888888879,0.1224123733256194,0.0076922770069144004,0.019999999999999987,0.19213031323467514,0.0,0.0,0.0,0.08410411268618863,0.5477777777777786,0.3182009342464314,0.000960370276557731,0.0027777777777777666,0.05762221659346476,0.0050355267453143,0.013333333333333317,0.12247146443257999
270000,0.4032563273918468,0.9633333333333335,0.34025917462874755,0.4816881067148297,0.8705555555555554,0.4537580461065563,0.44363998750064176,0.9149999999999991,0.409590552084761,0.2298294503290855,0.9294444444444462,0.24882020973941557,0.2777353499807634,1.0494444444444453,0.2809393998332242,0.20691646023454643,0.4605555555555552,0.3847995049998871,0.17831140751672692,0.6433333333333335,0.2568852973890123,0.163044680941703,0.4694444444444446,0.3687541548884581,0.20920150713761462,1.742222222222219,0.1092457056206352,0.08217538977005717,0.3977777777777778,0.20619250363954603,0.009237879339215783,0.028333333333333294,0.20911894896573355,0.10710085879028186,0.7999999999999997,0.12385681325519578,0.0076922770069144004,0.019999999999999987,0.19213031323467514,0.0,0.0,0.0,0.08651408167310522,0.46111111111111175,0.3371630161138748,0.0019603469381835642,0.00666666666666665,0.10047835923457209,0.0050355267453143,0.013333333333333317,0.12247146443257999
280000,0.5209776717775638,1.073888888888889,0.4233184787714514,0.6382475630956245,1.0233333333333332,0.5148766583452958,0.4599673720952127,1.0144444444444438,0.3877064272000314,0.2062427906028191,0.8811111111111125,0.2512830272279386,0.3083662338567297,1.1216666666666677,0.2799261125834911,0.2666606515784831,0.5788888888888887,0.375046526882799,0.13776614925727168,0.6650000000000004,0.19722266694570065,0.15555066416256688,0.4783333333333335,0.31941676972106975,0.21200939164235752,1.6949999999999967,0.11484494983152456,0.05568795777931504,0.21499999999999983,0.39593725723187473,0.018301084910620883,0.025555555555555515,1.6522267968779671,0.07678270308241028,0.6644444444444447,0.10337157291203929,0.006690440122951501,0.01722222222222222,0.1320201001969008,0.0,0.0,0.0,0.08157740768942945,0.35388888888888914,0.36955997832893667,0.002925959020066231,0.009444444444444417,0.15841508414753266,0.0050355267453143,0.013333333333333317,0.12247146443257999
290000,0.6615711990742122,1.2227777777777773,0.5134425347308416,0.7776794013383478,1.1555555555555557,0.6171820734182161,0.6307355006164282,1.2749999999999988,0.41847964370721913,0.22645502350459001,0.897777777777779,0.2627864088026916,0.2809716718444013,1.1272222222222232,0.24953848593479003,0.3327183486661594,0.7116666666666663,0.34958820974946553,0.16413322735274774,0.7572222222222226,0.18191159780489763,0.11705890780257196,0.4088888888888891,0.25987557992056104,0.17388168550172048,1.5549999999999968,0.10923838094472176,0.033865007440515855,0.13833333333333322,0.3484960608431808,0.013969156703451368,0.012777777777777744,1.595723385480104,0.04567361459484367,0.6177777777777779,0.07535936039329176,0.006690440122951501,0.01722222222222222,0.1320201001969008,0.0,0.0,0.0,0.07104391279010006,0.24611111111111092,0.3700810303530142,0.002925959020066231,0.009444444444444417,0.15841508414753266,0.0050355267453143,0.013333333333333317,0.12247146443257999
300000,0.7780008009856879,1.3466666666666658,0.5865065949823016,0.9505452947825077,1.3016666666666663,0.7144729972005925,0.7748127591900431,1.4499999999999984,0.49711943209155934,0.3392189651557213,1.0111111111111113,0.32859249279374847,0.3152382371302082,1.135000000000001,0.28268946074816176,0.3766520734953831,0.7888888888888889,0.34592134158905186,0.24901869402033805,0.8927777777777778,0.2032213819398269,0.079814361298883,0.3033333333333332,0.24883961340511204,0.16000206841217032,1.5766666666666633,0.09977615048271986,0.033865007440515855,0.11055555555555546,0.3484960608431808,0.012283136155629952,0.007222222222222195,1.5497410069031556,0.05424250633005822,0.716111111111111,0.06903854025080795,0.0020707157710300665,0.005,0.06902385903433568,0.0,0.0,0.0,0.04633863110450803,0.21055555555555538,0.3248884419037605,0.002925959020066231,0.009444444444444417,0.15841508414753266,0.0050355267453143,0.013333333333333317,0.12247146443257999
310000,0.680510166727193,1.3061111111111106,0.5208560902782534,0.9956747192733403,1.2483333333333329,0.7947317535278806,0.9033242357493162,1.5083333333333322,0.615903429498248,0.4374338496768509,1.069444444444444,0.4008480050291305,0.3927081592026012,1.1838888888888894,0.3259777891041187,0.4242872599985528,0.8361111111111111,0.41918388340166307,0.3485847541022724,0.9411111111111113,0.3058144187090316,0.08273055510042711,0.27444444444444416,0.2718543154785212,0.19546133031092594,1.6811111111111083,0.1134882335507757,0.033865007440515855,0.0827777777777777,0.3484960608431808,0.012283136155629952,0.007222222222222195,1.5497410069031556,0.07645470474110223,0.8211111111111115,0.08229350620883992,0.0,0.0,0.0,0.0,0.0,0.0,0.05614198762308767,0.28333333333333305,0.27002592874426784,0.002748154251531631,0.008333333333333316,0.17904941835638133,0.0035392420542243665,0.008888888888888884,0.06636078851670715
320000,0.5424172006022961,1.3099999999999994,0.40004401539978623,0.8424269474454672,1.082777777777777,0.712086902423975,0.9073165535302842,1.4905555555555543,0.633135227366053,0.4872225338798273,1.1249999999999998,0.4403792563961675,0.5290722304969541,1.3533333333333324,0.3873920539272601,0.4919093518523659,0.9111111111111113,0.515329037696184,0.3895885334548199,0.9072222222222225,0.4353186422987532,0.08947523384766383,0.2794444444444442,0.2872595484137736,0.23291036267123325,1.8638888888888865,0.1263999259473847,0.0228529850348717,0.056666666666666615,0.33614863665182176,0.009843724351952134,0.0016666666666666455,1.4765586527928212,0.08327493936270991,0.8627777777777782,0.08468273765161598,0.0,0.0,0.0,0.0004477599055052834,0.006666666666666667,0.011193997637632151,0.05045933483595366,0.34555555555555517,0.1444485813791717,0.002748154251531631,0.008333333333333316,0.17904941835638133,0.0,0.0,0.0
330000,0.44541732684085517,1.3666666666666656,0.3097047825341248,0.6437572426289871,0.8705555555555553,0.6075145391711807,0.7826662663513532,1.3066666666666658,0.5661953609935094,0.4568196681618322,1.2311111111111106,0.38264796958115027,0.4801248495671504,1.4777777777777754,0.33808423271095916,0.512879405695089,0.9488888888888892,0.5287496167190291,0.42078644208316507,0.8555555555555557,0.5563899299285998,0.08820533792124753,0.28111111111111087,0.2794900421057914,0.266582467020195,1.8977777777777751,0.1447244471562725,0.016751154629409282,0.03888888888888887,0.343520956055523,0.009843724351952134,0.0016666666666666455,1.4765586527928212,0.0958638913049908,0.8716666666666674,0.103473695131109,0.0041296914674717,0.0111111111111111,0.061945372012075665,0.011567289149471133,0.04166666666666664,0.06414413689461247,0.08342148976202325,0.3905555555555551,0.21080783115709734,0.002902702409499931,0.008333333333333318,0.18567291084073714,0.0,0.0,0.0
340000,0.47427626606100487,1.491111111111109,0.28980642359912806,0.521766167141417,0.8044444444444446,0.5409770171931134,0.6051941717814407,1.0516666666666663,0.49746742174411646,0.391906210788572,1.332777777777777,0.2928157765082878,0.41009879005930355,1.6388888888888857,0.27215415923383324,0.40389528212883025,0.8450000000000003,0.4513999932562292,0.40152297480297316,0.7677777777777778,0.5546406646872404,0.08451338595275193,0.2688888888888887,0.27149226502472296,0.2314658982630788,1.8716666666666641,0.12428256614506539,0.02580188206749508,0.06611111111111108,0.1876406449483622,0.0011956937538756334,0.004444444444444429,0.05124401802324207,0.11272202111452083,0.8722222222222228,0.12863508290652692,0.0041296914674717,0.0111111111111111,0.061945372012075665,0.024424762470601564,0.07333333333333329,0.13181504911108854,0.09490515088342173,0.389444444444444,0.2507605270793965,0.003912359692670631,0.012222222222222218,0.1771179200541111,0.002302000426053567,0.008333333333333333,0.0460400085210714
350000,0.4410671217725153,1.4111111111111099,0.29911235190655144,0.6385097063638351,1.0338888888888897,0.5143262914132464,0.439725132105285,0.8538888888888895,0.4438321558303276,0.3111979295591917,1.3544444444444437,0.22536442994909814,0.3681764008505281,1.8483333333333292,0.21888313256996259,0.26751746103834617,0.728333333333334,0.3530224474945953,0.33007449126858535,0.6488888888888885,0.5057809279543551,0.08475949548218215,0.2688888888888886,0.27296892220130436,0.1878128483639183,1.8799999999999972,0.09417701449047189,0.04370604726811833,0.12833333333333322,0.23559823030717453,0.0020006492188838335,0.0066666666666666445,0.11161567789885796,0.11843330004987425,0.8888888888888896,0.13443906547011417,0.0041296914674717,0.0111111111111111,0.061945372012075665,0.025519434455952218,0.10111111111111104,0.1383830810231925,0.1054013410258909,0.3833333333333329,0.2882517747166814,0.003912359692670631,0.012222222222222218,0.1771179200541111,0.002302000426053567,0.008333333333333333,0.0460400085210714
360000,0.4809993318696282,1.39611111111111,0.3330884633421258,0.6923499279901039,1.1511111111111119,0.4980426411995637,0.4891525417115678,0.9472222222222221,0.43615360630598365,0.2566985535718216,1.2461111111111112,0.2160312372129997,0.4279532346950951,2.0561111111111066,0.2138296085149756,0.22373026728897852,0.7666666666666672,0.29542129138495565,0.20178379134819188,0.486111111111111,0.4191154553410508,0.07580005302568137,0.23444444444444423,0.2766116249403932,0.1535596191703891,1.8183333333333314,0.07624576245531514,0.08607109390387833,0.24444444444444446,0.2964093020331458,0.0020006492188838335,0.006111111111111095,0.11161567789885796,0.10201972885276718,0.842777777777779,0.12407895542184005,0.0041296914674717,0.0111111111111111,0.061945372012075665,0.025519434455952218,0.1288888888888888,0.1383830810231925,0.12516936573887175,0.38333333333333286,0.347555848855624,0.005805026603801198,0.01666666666666665,0.24809292922150736,0.002302000426053567,0.008333333333333333,0.0460400085210714
370000,0.6243987283326721,1.4227777777777766,0.43873827048500913,0.8615984585343833,1.3705555555555549,0.5015029480604521,0.5605179616211117,1.1383333333333323,0.3931160259364846,0.3050330390545669,1.2677777777777777,0.24217477296939682,0.4849370111592533,2.06444444444444,0.2446876130361051,0.3378061110355177,1.0049999999999997,0.29391235397050536,0.13024903631784512,0.45777777777777756,0.3514091743122012,0.044427486113979675,0.15722222222222212,0.20890104887197217,0.1439191189816996,1.6099999999999983,0.09110585316477478,0.1250275327901247,0.3594444444444445,0.3528679091146622,0.0020006492188838335,0.006111111111111095,0.11161567789885796,0.0764835316978012,0.8211111111111125,0.10175865192745132,0.0041296914674717,0.0111111111111111,0.061945372012075665,0.0320365740196309,0.1772222222222221,0.16085597607036042,0.12656758519450825,0.38388888888888845,0.3504145634574596,0.006061852497680047,0.01888888888888887,0.21438172421499377,0.002302000426053567,0.008333333333333333,0.0460400085210714
380000,0.7237269661575888,1.3727777777777765,0.5538745152973124,1.099449372975055,1.6394444444444431,0.5827709070047372,0.7223978719015235,1.3983333333333323,0.3931909913636457,0.3443812739193766,1.2861111111111108,0.2694988750895441,0.5103194930257521,1.9949999999999963,0.28000188973314094,0.4905436435580001,1.2699999999999994,0.29385424518890396,0.18930116735715044,0.6016666666666666,0.30668188913081357,0.0217540262595694,0.10111111111111105,0.14155413841332773,0.12420012811642728,1.317777777777776,0.11313399924050976,0.17137635544784358,0.4994444444444448,0.3549384017548302,0.0048803357944132335,0.014444444444444428,0.16920940940944604,0.060098070906291386,0.8638888888888906,0.07982506805141393,0.0041296914674717,0.0111111111111111,0.061945372012075665,0.03653220186407532,0.22611111111111093,0.1644921416825774,0.14034619290691544,0.4116666666666664,0.3642361728748796,0.00804947357615563,0.026666666666666634,0.2569736044680422,0.002302000426053567,0.008333333333333333,0.0460400085210714
390000,0.7480638952717241,1.2261111111111103,0.6230064856386203,1.2207769458964892,1.746666666666666,0.6937164993053663,0.9364862136574379,1.7027777777777766,0.47196074105444136,0.46323682192313576,1.2883333333333329,0.35760528460304314,0.6010460921981653,1.869444444444442,0.36344848376275696,0.6306717358582322,1.484444444444443,0.3247493065439313,0.3297291718144842,0.8611111111111102,0.27209790260424666,0.013405707854014232,0.07444444444444444,0.15453470501816957,0.1289385624824587,1.1855555555555548,0.14086268669245458,0.1903163527994084,0.6400000000000009,0.310151779276616,0.0048803357944132335,0.014444444444444428,0.16920940940944604,0.05494362618890836,0.9505555555555572,0.06337560764933874,0.0,0.0,0.0,0.030097416712539734,0.24666666666666645,0.12559623470288792,0.11795406231954193,0.4594444444444444,0.2973325996956564,0.007764070686802397,0.025555555555555515,0.2596412851570338,0.002302000426053567,0.008333333333333333,0.0460400085210714
400000,0.6044286875906867,0.9633333333333334,0.5693801495046532,1.1814561550134863,1.618333333333332,0.7595449982898995,1.0696500252374068,1.8477777777777762,0.5488123739671392,0.564884516487493,1.2344444444444445,0.4582807639446365,0.7353439303019677,1.7566666666666648,0.4592970869472887,0.7505223825772878,1.6377777777777753,0.3917245888762167,0.48121520708208587,1.092777777777776,0.33194853930146695,0.04419876149058968,0.11444444444444436,0.21599091510391907,0.15571303464202266,1.1644444444444442,0.16109526139310115,0.22508126547915328,0.7800000000000012,0.29579358111970006,0.0036846420405376007,0.010555555555555545,0.11796539138620395,0.055028073115164354,0.9827777777777796,0.05783882613158795,0.0017340723541196667,0.00555555555555555,0.05202217062359002,0.017446111402129035,0.27055555555555527,0.05854382651857107,0.10443839763989614,0.5488888888888891,0.21974157049196474,0.006153666135555098,0.021111111111111067,0.23762441206615545,0.0,0.0,0.0
410000,0.4970443045825279,0.8666666666666664,0.46995016523783967,0.9150859591627561,1.2016666666666647,0.6529969199496075,1.070315016388878,1.7827777777777756,0.5853325922455882,0.6299209047089712,1.201666666666667,0.5163651366507311,0.7970853061151645,1.556666666666665,0.5279271189712268,0.8788913921719591,1.7672222222222196,0.4791813672425243,0.6057848298597396,1.2316666666666651,0.41471687528206114,0.07589748285459504,0.16499999999999984,0.276658919342888,0.20147225726800758,1.1888888888888882,0.18888426298782893,0.228732797719997,0.8000000000000012,0.29152997706115863,0.0028796865755294,0.00833333333333333,0.05759373151058805,0.06209772675288089,0.9488888888888907,0.07276663917553755,0.002922667296996383,0.010555555555555549,0.09164200205281425,0.016663086289576183,0.29833333333333306,0.052910735224860554,0.09428875147062009,0.6383333333333339,0.17241904851464263,0.006153666135555097,0.021111111111111067,0.23762441206615548,0.0,0.0,0.0
420000,0.34754205004108063,0.7494444444444444,0.37356105943712636,0.6693616749593678,0.8338888888888872,0.5416415041474677,0.8795092781511414,1.5244444444444432,0.5158780158801161,0.5781211396092699,1.2244444444444447,0.4649692760166147,0.7100560429375085,1.404444444444443,0.4982771997921515,0.8625082707252698,1.6861111111111085,0.48443471906986363,0.7139798132859206,1.333333333333332,0.5120127665674042,0.09728654250836764,0.23611111111111086,0.2792421414024947,0.25286525476853805,1.2283333333333324,0.21821131482434952,0.20135896932515895,0.7516666666666677,0.26758255674729065,0.0028796865755294,0.00833333333333333,0.05759373151058805,0.06686614065727847,0.8555555555555566,0.09826559624084867,0.0068792836023168005,0.023888888888888887,0.1410997058693196,0.0229014945462911,0.32111111111111074,0.0734769162909537,0.09261393861454452,0.6661111111111117,0.14930139808951057,0.009781186175851515,0.05388888888888882,0.19136665790514873,0.0,0.0,0.0
430000,0.3049494496947428,0.7994444444444438,0.3241609473944085,0.42526575125067456,0.5216666666666661,0.5025730995620926,0.6853649407671792,1.295555555555555,0.443608219563955,0.4296576467386412,1.1722222222222227,0.3646561051580817,0.5739747906716318,1.4072222222222208,0.4207277250655108,0.7046693594777467,1.4283333333333317,0.41753521261482796,0.6995676748884777,1.3966666666666654,0.4867029493787865,0.1172551603433964,0.3005555555555552,0.330885118562052,0.22283198383858727,1.3322222222222202,0.18711043551490328,0.19663491003866315,0.7683333333333344,0.2544560757414078,0.00514781669231705,0.014444444444444428,0.11945182560479713,0.06627396397474725,0.744444444444445,0.10132374629028068,0.009109289473179584,0.02888888888888888,0.21543323489807956,0.018663364343790817,0.30055555555555524,0.06467807741085622,0.0826890923352857,0.5977777777777783,0.17894434966803474,0.02436878912219805,0.10277777777777765,0.19616971531434432,0.00234740175312925,0.008333333333333333,0.04694803506258508
440000,0.35024156545023305,0.9099999999999989,0.3031864490252206,0.308483793541042,0.40555555555555606,0.4841831561738128,0.46987772695828145,1.050555555555555,0.3700665617773001,0.33202014968059346,1.1661111111111118,0.28346770182848463,0.4063275547282788,1.4016666666666653,0.31559996942461993,0.48430973510145137,1.1294444444444425,0.3214481671019085,0.5994966978353982,1.3944444444444433,0.4018970366219395,0.13204560870963167,0.38777777777777733,0.3591471218096353,0.1972430348152111,1.5061111111111083,0.14602469890002295,0.1843263292420614,0.7938888888888901,0.234823447801744,0.0028692862417178666,0.007777777777777762,0.12197370658723101,0.06573155831608717,0.6316666666666668,0.10078671098467663,0.009109289473179584,0.02888888888888888,0.21543323489807956,0.014572252502744932,0.2727777777777775,0.054961569614429995,0.055217880320497036,0.4866666666666672,0.13773753164585176,0.02303464869106435,0.09555555555555544,0.3496220292638658,0.004367938150375833,0.013333333333333334,0.11429924830413819
450000,0.4244976061038807,1.0044444444444434,0.3232409963935976,0.3810074084624624,0.5255555555555552,0.4676987435584315,0.3660932813632692,0.8877777777777774,0.3641696171323216,0.2331842887877694,1.0605555555555564,0.2368276085071721,0.3746915084114934,1.5049999999999975,0.2651681650308702,0.32370263911087654,0.9105555555555546,0.2658922660070138,0.42192668937029465,1.282222222222222,0.30539159723873077,0.15726423599360975,0.48388888888888854,0.33429791930371316,0.1529225586293329,1.617777777777774,0.0958808562920963,0.20212687332969725,0.7677777777777788,0.26143170838926294,0.004413231593901533,0.012222222222222195,0.17987165729411878,0.05343024066703398,0.4927777777777778,0.09024272442834536,0.009109289473179584,0.02888888888888888,0.21543323489807956,0.010131495936517734,0.2449999999999998,0.04237126249435765,0.04176207115688212,0.36944444444444485,0.11860604942270259,0.022165526760823447,0.09277777777777767,0.297474713449411,0.004367938150375833,0.013333333333333334,0.11429924830413819
460000,0.5040284209190922,1.0611111111111104,0.40963587896690384,0.5261385910890467,0.7327777777777772,0.45036057856481665,0.37455244388593645,0.8666666666666667,0.3786288933059762,0.22798974711919162,1.0577777777777788,0.23328918237699284,0.32397924538147255,1.5083333333333309,0.22919666848684084,0.30064743445491,0.8777777777777773,0.2608708672120696,0.27432475195483985,1.2105555555555558,0.22402437661351626,0.14372925917452234,0.4905555555555552,0.29632769062082437,0.14160633200594816,1.5677777777777744,0.09322504912973699,0.18709636972477128,0.7172222222222229,0.25913925832604545,0.004413231593901533,0.012222222222222195,0.17987165729411878,0.04703199796673715,0.4399999999999997,0.08990653408925597,0.0073752171190599155,0.023333333333333334,0.16341106427448954,0.010144101670751466,0.21722222222222207,0.043065400931919295,0.027005848614258903,0.2305555555555557,0.10089858237155476,0.02180066194701738,0.09055555555555546,0.2701098524139548,0.004367938150375833,0.013333333333333334,0.11429924830413819
470000,0.5973054269623376,1.1288888888888886,0.5125149297498949,0.6656429925589115,0.8927777777777774,0.5956776634292588,0.4972880022109232,1.0299999999999998,0.4072310113924304,0.25443692925771727,1.0261111111111123,0.27399904378816237,0.3390225821635185,1.5583333333333302,0.22309572189994398,0.2872318688877128,0.880555555555555,0.25065230871193456,0.2428741491785101,1.2233333333333336,0.19629128114063218,0.12631394542719077,0.44833333333333303,0.29916021229269046,0.11193627569971511,1.436111111111109,0.0842171755347196,0.20405033751185228,0.7950000000000013,0.2555595116388452,0.004413231593901533,0.012222222222222195,0.17987165729411878,0.04605615153596937,0.4422222222222219,0.08788028842311085,0.006186622176183199,0.018333333333333333,0.12379123284526529,0.013911290913438366,0.18944444444444433,0.06660347700643408,0.02096645624780524,0.09166666666666656,0.09365131153181039,0.02180066194701738,0.09055555555555546,0.2701098524139548,0.004367938150375833,0.013333333333333334,0.11429924830413819
480000,0.6715108422304074,1.1877777777777776,0.5762704288455519,0.7835739511247937,1.0299999999999998,0.7389136454930831,0.6165944447063824,1.1688888888888889,0.4809096891336561,0.3543602620475632,0.9961111111111124,0.3767917373643661,0.42067886854595526,1.5394444444444417,0.29210361625139286,0.34043167460527596,0.9699999999999993,0.2742967421286311,0.23439656455978256,1.2022222222222225,0.2002445428830395,0.1067892842213729,0.3888888888888886,0.2809981004790883,0.08072508780302294,1.3133333333333324,0.07604732233958604,0.21615190035121157,0.9233333333333347,0.24172088664057875,0.004413231593901533,0.012222222222222195,0.17987165729411878,0.04047939814950917,0.49111111111111105,0.06546809388507753,0.0022300058708627835,0.005,0.07433352902875995,0.011807743192898616,0.1666666666666666,0.07084645915739203,0.012077982583716666,0.02666666666666667,0.1411443259345152,0.016280474995590398,0.05333333333333327,0.24539259740756525,0.004367938150375833,0.013333333333333334,0.11429924830413819
490000,0.5539342789169523,1.0555555555555565,0.5079903105763347,0.827127012863241,1.0683333333333331,0.7964967552432817,0.68986221291116,1.2011111111111112,0.5504098469933417,0.4337396137603031,0.9188888888888903,0.48965337487063126,0.5383347482917337,1.481111111111109,0.37693947444446313,0.4396973722154906,1.1122222222222218,0.33911800479510174,0.26830466239434414,1.1005555555555557,0.2770126347343061,0.1005018271815608,0.35944444444444423,0.294503508058658,0.07802291855997062,1.202222222222222,0.07592837571639637,0.22478960277760404,1.0122222222222235,0.2307842885443984,0.004241188325103967,0.011111111111111094,0.1878831247995795,0.05971924865793473,0.5394444444444445,0.09378674369259875,0.0,0.0,0.0,0.009528733831720216,0.1666666666666666,0.057172402990321565,0.021965103803055618,0.0461111111111111,0.160241631777949,0.0006534806473418811,0.00055555555555555,0.19604419420256988,0.002020536397246583,0.005,0.06735121324155312
500000,0.4075858336351994,0.9394444444444457,0.4123635309970435,0.711189781469277,0.9233333333333328,0.7450376426883089,0.7297925878050849,1.1788888888888889,0.6111782313603505,0.4751330460692375,0.8172222222222234,0.5708170680537891,0.6169390904258242,1.397222222222221,0.45338164100217654,0.5549860542475534,1.2683333333333326,0.4193653472768161,0.34548703371230105,1.0400000000000003,0.37309027537906553,0.11046753302420266,0.33999999999999986,0.3271172938492972,0.10396760723677685,1.0966666666666678,0.10104856941263836,0.23815626041496482,0.9944444444444457,0.24882789260549418,0.00364003220017375,0.009444444444444427,0.12776751230655756,0.07397908740777971,0.553888888888889,0.12773874071603925,0.0008547174735543,0.0027777777777777666,0.0512830484132584,0.00874651101587945,0.1666666666666666,0.05247906609527697,0.022334606394746086,0.07388888888888887,0.16245864732809187,0.0009943032380238476,0.0027777777777777666,0.05965819428143157,0.0,0.0,0.0
510000,0.2850648063940427,0.8800000000000016,0.3105547893342722,0.5148636998417352,0.7105555555555555,0.6376475113330166,0.6183556151618833,1.0338888888888889,0.5365195465718977,0.44986280643460436,0.8372222222222235,0.5323013324842855,0.531940097571467,1.1827777777777775,0.4161477547937396,0.6135272405115989,1.3744444444444432,0.4455186692696789,0.4102685972208981,0.9855555555555559,0.4502111843178714,0.09325509856839122,0.27944444444444416,0.32740027466009564,0.11502682173586254,0.9200000000000017,0.129865202408413,0.21121264953410793,0.9633333333333343,0.22462947894130889,0.0038698105161471,0.008888888888888878,0.1458862902349711,0.10002510051589251,0.5966666666666668,0.171884525645044,0.0031169236108531165,0.009999999999999983,0.10348780542784648,0.01197655461860415,0.15388888888888883,0.0896154868150338,0.029458377341443867,0.09499999999999997,0.218698944275706,0.0009943032380238476,0.0027777777777777666,0.05965819428143157,0.0,0.0,0.0
520000,0.264819638796066,0.8205555555555567,0.3475256589602789,0.39274055253821033,0.5511111111111113,0.6238777092206965,0.479782080521497,0.873888888888889,0.46032446707188274,0.3533062501897366,0.766111111111112,0.4351263285704179,0.43863654614487,1.013333333333333,0.3586521223473063,0.5324051753870461,1.2938888888888884,0.39694338917265215,0.4005450806746272,0.8600000000000003,0.44915740133772913,0.08306858355401554,0.23277777777777753,0.34634366407590916,0.08789335554039458,0.797777777777779,0.10519690269921021,0.1896393396951427,0.9222222222222229,0.20004410534804853,0.0054204967814045005,0.011666666666666645,0.2389274661504159,0.10120970167644687,0.5883333333333334,0.1762114154903123,0.0052868697435336336,0.016111111111111083,0.1626681545009515,0.011757780873650684,0.12611111111111106,0.08830284434531294,0.05044176089233349,0.11388888888888886,0.40384644619532023,0.009469595955489782,0.036111111111111066,0.10203465786876136,0.0020192748449089503,0.005,0.06730916149696534
530000,0.21834548485269545,0.7238888888888897,0.3879206452177211,0.3915660599425254,0.5627777777777779,0.6128615067583705,0.35597136394005235,0.7816666666666673,0.3929700295782324,0.2575674437642789,0.7216666666666675,0.33677959342500463,0.35036809010558634,0.8711111111111108,0.30519786880538985,0.42158247586983383,1.2327777777777778,0.3224081625678393,0.3001664020637639,0.7394444444444451,0.378913746608374,0.07510863069830558,0.2188888888888887,0.3328938505522669,0.07191587251292607,0.7227777777777787,0.08669040574609839,0.17528526616226117,0.8950000000000005,0.1902506971312118,0.008758932762022267,0.019444444444444414,0.31046538002079677,0.09242246930398695,0.5916666666666667,0.16265435217119026,0.0052868697435336336,0.016111111111111083,0.1626681545009515,0.007678944758165984,0.09833333333333329,0.0638298276524047,0.0666533479351972,0.13833333333333328,0.5143799942148458,0.014775987356756615,0.05111111111111107,0.1609945623272818,0.005978941602166833,0.013888888888888883,0.14155291319555072
540000,0.2401898901677492,0.7138888888888898,0.4152237030597706,0.3527545972907374,0.5311111111111111,0.5945510445589056,0.3784182152001015,0.8855555555555553,0.3672719703028324,0.2010840883183237,0.7022222222222229,0.2867572536911209,0.2728526156270646,0.7588888888888886,0.2759312025823775,0.36460539089848787,1.2977777777777773,0.2695738030100055,0.2003733875973396,0.7144444444444451,0.27744497341317004,0.07364699405982734,0.22055555555555537,0.31566892565148946,0.050209984330928104,0.636666666666667,0.06648330185958644,0.18705677934886433,0.8011111111111114,0.23059136789164306,0.010583507612981984,0.02666666666666663,0.3525709535044828,0.08304047612946323,0.6083333333333335,0.1496431644575586,0.0052868697435336336,0.016111111111111083,0.1626681545009515,0.003544084221990817,0.07055555555555554,0.03902066443535362,0.06715485933734112,0.1477777777777777,0.4889380536680941,0.014775987356756615,0.05111111111111107,0.1609945623272818,0.005978941602166833,0.013888888888888883,0.14155291319555072
550000,0.3251122110071832,0.7133333333333342,0.5175726953181189,0.4375114818230281,0.6427777777777781,0.5829591190040491,0.37812536397614127,0.9605555555555546,0.33635238782249616,0.21455742788973253,0.746111111111112,0.269950124409837,0.22952286103791555,0.7061111111111114,0.2635825058171706,0.3401005840845757,1.3255555555555545,0.2448616734401801,0.1872842120747125,0.822222222222223,0.21753703888216566,0.0599658332646107,0.18555555555555536,0.2505205409123625,0.05253101882790142,0.5255555555555556,0.08095817996371511,0.15490702221267336,0.6361111111111116,0.23035681458204607,0.008487420764991899,0.02166666666666663,0.2827013919048131,0.06197546225505607,0.6433333333333336,0.11584902455209256,0.0052868697435336336,0.016111111111111083,0.1626681545009515,0.010266410251551268,0.06611111111111108,0.08703727893221402,0.0543944937271022,0.1477777777777777,0.4123758600066605,0.014775987356756615,0.05111111111111107,0.1609945623272818,0.005978941602166833,0.013888888888888883,0.14155291319555072
560000,0.4032694392600809,0.6844444444444452,0.6360076183004183,0.5657449150274833,0.7994444444444451,0.6377574237638965,0.4181783672977159,1.0594444444444433,0.32578324528713576,0.23164229472548317,0.7650000000000009,0.2807994089869541,0.2565031698392248,0.7833333333333328,0.2567173558923785,0.30199668976885563,1.2422222222222217,0.24701801891185635,0.20741174386957306,1.009444444444444,0.1719662683651663,0.035209679055733564,0.11777777777777769,0.18964475187413996,0.04238839433790004,0.43277777777777726,0.08903980215724257,0.11015901812893843,0.5466666666666667,0.19147098226797576,0.008487420764991899,0.02166666666666663,0.2827013919048131,0.056336942841182215,0.7333333333333342,0.09087756850362198,0.004432152269979333,0.013333333333333317,0.1113851060876931,0.012066237180696068,0.06611111111111108,0.09783624050708288,0.05402499113541173,0.1477777777777777,0.4101588444565176,0.013781684118732764,0.048333333333333305,0.10133636804585022,0.005978941602166833,0.013888888888888883,0.14155291319555072
570000,0.44301770914563426,0.6450000000000004,0.7072484648301306,0.6530042571713909,0.8655555555555564,0.7430497215417221,0.5128999970020739,1.1983333333333324,0.38975797297475934,0.2791939095439402,0.718333333333334,0.3760313808483962,0.32849755926184576,0.8749999999999999,0.31494182280604727,0.30429818469217873,1.1800000000000004,0.2711653264406553,0.23057406451987006,1.2238888888888875,0.13619828301204734,0.02068216494563625,0.06722222222222218,0.14175184821447842,0.05667747625204072,0.4472222222222218,0.10673561057163904,0.12154832028106499,0.5527777777777779,0.20590641668971277,0.006713697096834882,0.017777777777777743,0.20668466326951176,0.06966277115207807,0.8877777777777781,0.0726912394552823,0.002169946132680517,0.006111111111111099,0.059180349073105015,0.008592206051768301,0.07888888888888886,0.059235894630107554,0.046901220188713955,0.15444444444444438,0.3539185475089035,0.013781684118732764,0.048333333333333305,0.10133636804585022,0.005978941602166833,0.013888888888888883,0.14155291319555072
580000,0.38194022461171473,0.6755555555555562,0.576077961469295,0.6152200523703467,0.8027777777777786,0.758097353055589,0.6077190669396015,1.3149999999999993,0.45246574141522183,0.3265540508825795,0.6950000000000006,0.487054310969436,0.39567466284578484,0.9572222222222225,0.38153677014429954,0.3560353153161738,1.2133333333333336,0.31282967039432047,0.29660397321974014,1.3744444444444428,0.1743195449161703,0.033655966539038386,0.0866666666666666,0.1601183602792717,0.08252369328461966,0.5266666666666666,0.1378617915136536,0.1450134434511768,0.5922222222222224,0.23382531719693458,0.005163010831577483,0.01499999999999998,0.11364348735406694,0.10465139009021888,1.0572222222222223,0.07994656417658012,2.8912057932946783e-19,0.0,0.0,0.008592206051768301,0.10666666666666662,0.059235894630107554,0.025917836637824335,0.16333333333333325,0.1687710455892892,0.00530639140126683,0.015,0.05895990445852043,0.003959666757257883,0.008888888888888884,0.07424375169858538
590000,0.3351373725118399,0.7322222222222229,0.4328039244288618,0.48372406704675214,0.6450000000000006,0.705803553260495,0.5921055277124001,1.2505555555555545,0.45446968184309644,0.37066743651055933,0.6911111111111117,0.5538182924269647,0.4189946314060465,0.9822222222222227,0.4128813435089757,0.4049426674215833,1.1777777777777778,0.369729359720177,0.3294296484107762,1.3861111111111093,0.2175307380920137,0.06009112506975443,0.1811111111111111,0.14886627128411137,0.10922051612568336,0.6227777777777782,0.16485004806028933,0.1404764580640885,0.5005555555555555,0.2830393812408823,0.003663159940204283,0.014444444444444428,0.08453446015856081,0.1317525258653444,1.1011111111111114,0.1049979391358767,2.8912057932946783e-19,0.0,0.0,0.011083906359032218,0.1305555555555555,0.07661985026218142,0.03602388780565318,0.2094444444444443,0.12040514688636045,0.0012459507217779976,0.003888888888888883,0.0533978880762006,0.0,0.0,0.0
600000,0.23954251631619683,0.7016666666666672,0.3394150119755046,0.4148100658814216,0.5866666666666672,0.6168974266270669,0.45035493275928723,1.0399999999999998,0.3935167936452102,0.3237991508198287,0.6850000000000005,0.5002646164321597,0.395587172723294,1.0005555555555559,0.3668338891472472,0.39152802696336914,1.008333333333334,0.3763036398522763,0.3859492993381222,1.4199999999999984,0.2720311808523785,0.10244841455518944,0.2900000000000002,0.19223691302265097,0.1297285044460736,0.6505555555555561,0.19565698577628124,0.10866675680555564,0.42611111111111105,0.2620012421167233,0.0018385850892445666,0.007222222222222212,0.042428886674874745,0.14461329977098725,1.0516666666666665,0.1298440680849264,0.004025241507019667,0.012777777777777768,0.052503150091561056,0.011083906359032218,0.1305555555555555,0.07661985026218142,0.076015936323582,0.26666666666666644,0.15961529267520358,0.0029187412979732475,0.013333333333333317,0.082917721773764,0.0,0.0,0.0
610000,0.24495025426316341,0.7450000000000006,0.318006082278412,0.33338477524826615,0.5411111111111115,0.5609745505007662,0.37652001183331335,0.9394444444444446,0.3525373993946988,0.23164607076690147,0.6627777777777782,0.4050496416846443,0.32836413749175536,0.9927777777777784,0.3069963504485769,0.31555863380008475,0.8383333333333344,0.3337775020216674,0.35757458829826644,1.3583333333333318,0.2518917098209999,0.12559645504966363,0.3605555555555557,0.24691732363951924,0.12396904934341756,0.6783333333333338,0.1780611537673915,0.1007540127572714,0.4099999999999999,0.2417032850877171,0.0018385850892445666,0.007222222222222212,0.042428886674874745,0.14520334781264027,0.9961111111111106,0.13102416416823245,0.004891813690733933,0.014444444444444433,0.13916036846298804,0.004361580329471768,0.10722222222222218,0.028603235765321002,0.08851295325604946,0.2666666666666664,0.23459739427000845,0.010024622985475599,0.059999999999999935,0.10829587065770101,0.0,0.0,0.0
620000,0.3146533780989856,0.832222222222223,0.3245068111784691,0.3804957178328498,0.6255555555555552,0.5515127251656416,0.3291709317997914,0.9083333333333338,0.3239153086801397,0.17683987475551674,0.6900000000000007,0.3197764712320826,0.22245552296978346,0.8844444444444456,0.24046552219838788,0.24251621691961,0.7655555555555562,0.2596585557400128,0.26815798949188113,1.1761111111111109,0.21085680486095823,0.1340747462539738,0.4033333333333333,0.2799496270329355,0.10813318302684816,0.6822222222222227,0.14483905659976334,0.10818698818880128,0.4105555555555555,0.25942605648286154,0.0018385850892445666,0.007222222222222212,0.042428886674874745,0.14000242827130183,0.8972222222222214,0.13137198626953356,0.004891813690733933,0.014444444444444433,0.13916036846298804,0.0024917003072639178,0.07944444444444441,0.01738395563207387,0.1046734202967144,0.26666666666666644,0.3315601965139982,0.013351443478429698,0.08944444444444434,0.12712693005178086,0.0,0.0,0.0
630000,0.3598731295272666,0.8627777777777786,0.3646255193834296,0.4964247014621341,0.7499999999999991,0.5688353619938743,0.41089412873162984,0.9949999999999997,0.34605715496024053,0.17394668098087238,0.707222222222223,0.2974942469611395,0.2193053791920224,0.9333333333333341,0.2235927060228666,0.1605489603620732,0.6844444444444445,0.18457820443580486,0.18814227691912297,0.9605555555555565,0.17901768717863434,0.14233947361113128,0.43944444444444447,0.31809452252750864,0.07793229075444309,0.6655555555555559,0.09868020274095739,0.08419159703303081,0.3494444444444443,0.2405985343657777,0.0018385850892445666,0.007222222222222212,0.042428886674874745,0.1190764523348617,0.7516666666666664,0.134084860154519,0.004891813690733933,0.014444444444444433,0.13916036846298804,0.0024917003072639178,0.05166666666666666,0.01738395563207387,0.10610005155018383,0.2666666666666664,0.34011998403481475,0.013351443478429698,0.08944444444444434,0.12712693005178086,0.0,0.0,0.0
640000,0.40108200721099047,0.8216666666666673,0.47017902965618547,0.6049713895165051,0.8722222222222217,0.5909732660430392,0.44787498254601904,1.0733333333333324,0.3412814299378355,0.2483054499806275,0.8122222222222234,0.30163077681758804,0.24754673624362958,1.0105555555555559,0.2188259137281858,0.1509742362147279,0.6655555555555558,0.18290381096986738,0.12728887984450518,0.8727777777777793,0.14196736179643085,0.13081576233732564,0.43111111111111106,0.28691421834251074,0.09027569640596061,0.6505555555555558,0.11963243723443535,0.05819055258143659,0.30333333333333296,0.2082597740783645,0.0018385850892445666,0.007222222222222212,0.042428886674874745,0.07674577605700314,0.6188888888888892,0.10933545458517853,0.004891813690733933,0.014444444444444433,0.13916036846298804,0.0024917003072639178,0.023888888888888887,0.01738395563207387,0.10610005155018383,0.2666666666666664,0.34011998403481475,0.014256009419389865,0.09222222222222211,0.18140088650939176,0.0,0.0,0.0
650000,0.5113528241274977,0.8644444444444455,0.5896059071830883,0.6503228333642938,0.9227777777777769,0.6439283405007771,0.5675196921878664,1.238333333333332,0.39012732639056563,0.26542895918139836,0.7888888888888897,0.3541991826225132,0.36092511204913813,1.184444444444444,0.2550835367331374,0.21168714716327308,0.752222222222222,0.2031087464356338,0.1325673826579926,0.9061111111111129,0.13806538103315655,0.10684009130896129,0.34222222222222215,0.3008132485303712,0.09660619282034875,0.61,0.1371519855165189,0.056702803042822714,0.3672222222222219,0.1575040213682848,0.0,0.0,0.0,0.05003068339023956,0.5994444444444446,0.08254020476138073,0.004891813690733933,0.014444444444444433,0.13916036846298804,1.1564823173178713e-18,0.0,0.0,0.07978241333949126,0.2238888888888887,0.277952334718218,0.013010058697611867,0.08833333333333322,0.12800299843319116,0.0,0.0,0.0
660000,0.5720867740045462,0.8861111111111123,0.6520560345106098,0.7749300776226234,1.0433333333333332,0.7418288866808656,0.6067833965570937,1.269999999999999,0.43650552794985603,0.3367269280135641,0.7450000000000007,0.4827682536908678,0.42732717426507955,1.2783333333333329,0.30210186146104806,0.32263347095651235,0.9127777777777771,0.2604528319749552,0.1570591703666235,0.9188888888888905,0.15630390412834436,0.06304173212157922,0.21666666666666642,0.2631907529906742,0.11267734862882077,0.6927777777777778,0.13656734299091675,0.06924143252590777,0.45666666666666655,0.14303412562827514,0.0023909841564073333,0.024444444444444432,0.01630216470277735,0.049312626663312625,0.6883333333333339,0.06868952307493457,0.0008665721837142667,0.0016666666666666668,0.08665721837142698,1.1564823173178713e-18,0.0,0.0,0.030084115226601833,0.1666666666666666,0.18050469135961114,0.011337268121416616,0.0788888888888888,0.09848316473562775,0.0,0.0,0.0
670000,0.48419061613834513,0.8711111111111123,0.5721827361197928,0.7457347771275892,0.9483333333333328,0.8063105591928955,0.7118069038782284,1.3238888888888876,0.5209119390428794,0.36387368857849967,0.6405555555555559,0.6166692289044848,0.46956889307069255,1.281666666666666,0.34081661733727303,0.4026987454423209,1.0455555555555551,0.31537541975089156,0.23121722485980004,0.9500000000000018,0.2269600784062559,0.047879020024917514,0.16388888888888875,0.28337279610329813,0.1551752630609742,0.8316666666666667,0.1680439454388798,0.08623719152616392,0.5627777777777779,0.15384668795909376,0.004624351358915,0.044999999999999984,0.03441054742581255,0.08257764173853005,0.8144444444444451,0.09444979551964212,0.0,0.0,0.0,1.1564823173178713e-18,0.0,0.0,0.01758709829413437,0.16666666666666657,0.10552258976480632,0.004231386433914265,0.03222222222222219,0.07310501585169073,0.0,0.0,0.0
680000,0.33628304811010645,0.8405555555555569,0.44719042511001367,0.5556312020841357,0.6716666666666669,0.6917903332631042,0.6855641200420824,1.2111111111111095,0.540294536423043,0.4262247560631088,0.6505555555555561,0.6858835327228757,0.5003613767279259,1.2611111111111104,0.38327169473894074,0.4726380982374105,1.1333333333333335,0.37924820109632185,0.2888346951875362,0.9433333333333351,0.300064719920262,0.07180887438842916,0.18888888888888875,0.3300326539422307,0.18409055439620092,0.9500000000000003,0.19194088042667046,0.09122232715567673,0.6288888888888894,0.14423821455740998,0.004624351358915,0.044999999999999984,0.03441054742581255,0.11331889660834947,0.9194444444444455,0.11939734013345676,0.0,0.0,0.0,1.1564823173178713e-18,0.0,0.0,0.004734973930758033,0.17055555555555546,0.025972117401282985,0.0018871346908861976,0.005555555555555533,0.11322808145317342,0.0,0.0,0.0
690000,0.2699326506640736,0.9244444444444458,0.3477821963701147,0.3469036936741096,0.41833333333333383,0.5544696040459814,0.5044372546238755,0.9444444444444436,0.4526661790395819,0.37536218861387266,0.7355555555555561,0.6023675682016658,0.4312658982758552,1.1327777777777774,0.34012372637729205,0.504578821971701,1.1611111111111112,0.42199970533610864,0.3400098813115789,0.9394444444444461,0.3635180223010699,0.08859526725306803,0.21277777777777754,0.3614742035082031,0.19307483307484916,0.9238888888888891,0.21722367519549698,0.096778307810417,0.6838888888888895,0.13805513972940148,0.004624351358915,0.044999999999999984,0.03441054742581255,0.11284969233701357,0.9572222222222235,0.11138783934623449,0.00030694699419231663,0.0011111111111111,0.046042049128847705,1.1564823173178713e-18,0.0,0.0,0.01984142144439045,0.17444444444444437,0.10442853391784461,0.005331993241409948,0.0172222222222222,0.16244034646065575,0.0007896195516008166,0.0033333333333333335,0.03948097758004123
700000,0.32572488054399407,1.1361111111111117,0.2919579184181955,0.275601027860912,0.36500000000000016,0.50940593881743,0.3671157583698457,0.7261111111111109,0.39157108640889865,0.25400444083208235,0.7538888888888892,0.4874822558779858,0.33626699234329843,1.0049999999999997,0.2763298778174174,0.43842283831866874,1.1066666666666665,0.3561508510512972,0.3320481035273735,0.8933333333333348,0.3566100558523945,0.08422857268325236,0.1927777777777776,0.3798942532863152,0.15458099175541543,0.8305555555555557,0.1642504990678359,0.13109340708149847,0.7616666666666676,0.17006726996138335,0.010129187445983467,0.05999999999999998,0.09557539283768451,0.123691040449537,0.9766666666666682,0.12354048559305009,0.002051637297141017,0.004999999999999984,0.12081449068379217,1.1564823173178713e-18,0.0,0.0,0.029505456576754432,0.16611111111111102,0.18726312076667884,0.02331931285330398,0.07722222222222214,0.1583218383734543,0.008901137668744383,0.027222222222222217,0.09607296444383363
710000,0.3605810500092376,1.2649999999999997,0.25806757510450556,0.38197735799878035,0.5399999999999999,0.4848115526595674,0.24639102821581157,0.5416666666666666,0.35255317529693536,0.20262689914513923,0.8555555555555562,0.37392063092482625,0.1982287053400196,0.8322222222222226,0.20239810271830674,0.33335603661069246,1.0033333333333336,0.2870765293299664,0.2929752496017642,0.8450000000000012,0.31590320342447437,0.07369576263329404,0.16499999999999984,0.31669739298656524,0.12144198920768018,0.7349999999999999,0.11946806319251808,0.16326175403270526,0.9011111111111118,0.17558304385935253,0.011924221665041333,0.06388888888888887,0.17250543079730776,0.11549725811275219,0.9827777777777794,0.11366731513448919,0.003066727984339083,0.009999999999999983,0.1546508469237281,1.1564823173178713e-18,0.0,0.0,0.029505456576754432,0.13833333333333322,0.18726312076667884,0.02716551829180018,0.08833333333333322,0.21601491995089747,0.009704341885936933,0.028888888888888884,0.17639338616309017
720000,0.3706351050414787,1.2533333333333327,0.27630302047605676,0.42969570877702923,0.6394444444444435,0.46473636779242034,0.3110705691946744,0.5733333333333336,0.4072503661983309,0.17048638046916878,0.8438888888888895,0.32869532517341016,0.2197599478295357,0.8288888888888893,0.22139189046286253,0.2228604761304319,0.890000000000001,0.222514989345174,0.2158406485039673,0.7705555555555565,0.249005139694759,0.07362792780632202,0.16444444444444428,0.2963469448949574,0.08346075654433109,0.5638888888888887,0.08634489517215553,0.1778979493677022,1.0516666666666665,0.16902999845367248,0.009533237508634001,0.03944444444444443,0.15620326609453042,0.11116314824638679,0.9366666666666682,0.1125950927944146,0.0045624769205789,0.01777777777777775,0.1867026098431529,1.1564823173178713e-18,0.0,0.0,0.029505456576754432,0.11055555555555548,0.18726312076667884,0.02716551829180018,0.08833333333333322,0.21601491995089747,0.009704341885936933,0.028888888888888884,0.17639338616309017
